0.10872428499081525
0.033466663529312414
0.14127483339429367
0.2712035094115226
0.024455180016670346

3.5205172209897695
1.1276934557664595
0.833863309346239
2.3758451174517052
0.8673900754840419

1.6676456924727125
1.7568212590868406
1.9093785438208037
0.9170431534729412
2.1805393350459843

0.513895999248358
0.24859212486147186
0.065379468849133
0.20218502689471407
0.5188348660126861

2.234356545853152
1.500817266153336
1.3444346134111502
1.06772337996942
1.9402770831978122


2.7047173147688564
2.7089357752113874
2.7068694065608
2.711731824886128
2.7135359578592655

3.2278654656154093
2.9759363816184807
2.924294463691005
3.631169925300956
2.8450879891309695

2.9674581636489963
3.068722124360419
3.6248860645114176
2.7927351403002536
3.05452361851092

2.7131896674337646
2.828956833447806
2.710978449389324
2.7194950880792814
2.730944232833491

3.222370466871917
2.967303212280648
3.6889308376237295
3.4043013832251496
3.931915949412945


2.7031812656537673
2.7027580330807126
2.705226162182444
2.703991834349062
2.7033143542116815


1.8813217885652902
1.87859515002484
1.8780900376360183
1.8787720677990825
1.878050687786455